%%MatrixMarket matrix coordinate real general
198147 198147 199209
1 1 0.500176
1 2 -7.2702e-05
1 3 2.16711e-07
2 1 -7.2702e-05
2 2 0.500045
2 3 -9.62275e-08
3 1 2.16711e-07
3 2 -9.62275e-08
3 3 0.500012
4 4 0.500208
4 5 -2.06203e-06
4 6 7.56923e-08
5 4 -2.06203e-06
5 5 0.500002
5 6 -7.56906e-10
6 4 7.56923e-08
6 5 -7.56906e-10
6 6 0.500002
7 7 0.500208
7 8 -6.63712e-07
7 9 -1.42337e-07
8 7 -6.63712e-07
8 8 0.500002
8 9 4.56942e-10
9 7 -1.42337e-07
9 8 4.56942e-10
9 9 0.500002
10 10 0.500208
10 12 -8.44367e-08
11 11 0.500001
12 10 -8.44367e-08
12 12 0.500001
13 13 0.500208
13 15 -6.01375e-08
14 14 0.500001
15 13 -6.01375e-08
15 15 0.500001
16 16 0.500208
16 18 -2.69154e-08
17 17 0.5
18 16 -2.69154e-08
18 18 0.5
19 19 0.500208
19 21 -1.53654e-08
20 20 0.5
21 19 -1.53654e-08
21 21 0.5
22 22 0.500208
22 24 -5.64122e-09
23 23 0.5
24 22 -5.64122e-09
24 24 0.5
25 25 0.500208
25 27 -3.77195e-09
26 26 0.5
27 25 -3.77195e-09
27 27 0.5
28 28 0.500208
28 30 -1.91401e-09
29 29 0.5
30 28 -1.91401e-09
30 30 0.5
31 31 0.500208
31 33 -8.59908e-10
32 32 0.5
33 31 -8.59908e-10
33 33 0.5
34 34 0.500208
34 36 -2.45782e-10
35 35 0.5
36 34 -2.45782e-10
36 36 0.5
37 37 0.500208
37 39 -5.61372e-11
38 38 0.5
39 37 -5.61372e-11
39 39 0.5
40 40 0.500208
40 42 -6.9401e-12
41 41 0.5
42 40 -6.9401e-12
42 42 0.5
43 43 0.500208
43 45 -1.0493e-12
44 44 0.5
45 43 -1.0493e-12
45 45 0.5
46 46 0.500208
46 48 -8.73312e-14
47 47 0.5
48 46 -8.73312e-14
48 48 0.5
49 49 0.500208
49 51 1.97736e-14
50 50 0.5
51 49 1.97736e-14
51 51 0.5
52 52 0.500208
52 54 -1.56878e-14
53 53 0.5
54 52 -1.56878e-14
54 54 0.5
55 55 0.500208
55 57 -5.1377e-15
56 56 0.5
57 55 -5.1377e-15
57 57 0.5
58 58 0.500208
58 60 -7.66792e-15
59 59 0.5
60 58 -7.66792e-15
60 60 0.5
61 61 0.500208
61 63 2.52031e-14
62 62 0.5
63 61 2.52031e-14
63 63 0.5
64 64 0.500208
64 66 -1.62509e-14
65 65 0.5
66 64 -1.62509e-14
66 66 0.5
67 67 0.500208
67 69 -2.42587e-14
68 68 0.5
69 67 -2.42587e-14
69 69 0.5
70 70 0.500208
70 72 1.69886e-14
71 71 0.5
72 70 1.69886e-14
72 72 0.5
73 73 0.500208
73 75 -9.92772e-15
74 74 0.5
75 73 -9.92772e-15
75 75 0.5
76 76 0.500208
76 78 1.93304e-14
77 77 0.5
78 76 1.93304e-14
78 78 0.5
79 79 0.500208
79 81 5.601e-15
80 80 0.5
81 79 5.601e-15
81 81 0.5
82 82 0.500208
82 84 -2.29361e-14
83 83 0.5
84 82 -2.29361e-14
84 84 0.5
85 85 0.500208
85 87 2.99792e-14
86 86 0.5
87 85 2.99792e-14
87 87 0.5
88 88 0.500208
88 90 -4.58326e-15
89 89 0.5
90 88 -4.58326e-15
90 90 0.5
91 91 0.500208
91 93 -7.83855e-15
92 92 0.5
93 91 -7.83855e-15
93 93 0.5
94 94 0.500208
94 96 -3.03577e-14
95 95 0.5
96 94 -3.03577e-14
96 96 0.5
97 97 0.500208
97 99 3.20671e-14
98 98 0.5
99 97 3.20671e-14
99 99 0.5
100 100 0.500208
100 102 3.1656e-14
101 101 0.5
102 100 3.1656e-14
102 102 0.5
103 103 0.500208
103 105 -4.71352e-14
104 104 0.5
105 103 -4.71352e-14
105 105 0.5
106 106 0.500208
106 108 -4.38497e-16
107 107 0.5
108 106 -4.38497e-16
108 108 0.5
109 109 0.500208
109 111 8.28726e-15
110 110 0.5
111 109 8.28726e-15
111 111 0.5
112 112 0.500208
112 114 -8.62299e-15
113 113 0.5
114 112 -8.62299e-15
114 114 0.5
115 115 0.500208
115 117 2.25379e-14
116 116 0.5
117 115 2.25379e-14
117 117 0.5
118 118 0.500208
118 120 -1.38776e-15
119 119 0.5
120 118 -1.38776e-15
120 120 0.5
121 121 0.500208
121 123 -9.59452e-15
122 122 0.5
123 121 -9.59452e-15
123 123 0.5
124 124 0.500208
124 126 1.74501e-14
125 125 0.5
126 124 1.74501e-14
126 126 0.5
127 127 0.500208
127 129 -3.77632e-14
128 128 0.5
129 127 -3.77632e-14
129 129 0.5
130 130 0.500208
130 132 3.4205e-14
131 131 0.5
132 130 3.4205e-14
132 132 0.5
133 133 0.500208
133 135 -1.95486e-14
134 134 0.5
135 133 -1.95486e-14
135 135 0.5
136 136 0.500208
136 138 8.78056e-15
137 137 0.5
138 136 8.78056e-15
138 138 0.5
139 139 0.500208
139 141 -3.47138e-14
140 140 0.5
141 139 -3.47138e-14
141 141 0.5
142 142 0.500208
142 144 3.96342e-14
143 143 0.5
144 142 3.96342e-14
144 144 0.5
145 145 0.500208
145 147 1.88707e-14
146 146 0.5
147 145 1.88707e-14
147 147 0.5
148 148 0.500208
148 150 -3.8955e-14
149 149 0.5
150 148 -3.8955e-14
150 150 0.5
151 151 0.500208
151 153 1.23772e-14
152 152 0.5
153 151 1.23772e-14
153 153 0.5
154 154 0.500208
154 156 2.7133e-15
155 155 0.5
156 154 2.7133e-15
156 156 0.5
157 157 0.500208
157 159 -4.04079e-15
158 158 0.5
159 157 -4.04079e-15
159 159 0.5
160 160 0.500208
160 162 6.80456e-15
161 161 0.5
162 160 6.80456e-15
162 162 0.5
163 163 0.500208
163 165 1.15651e-14
164 164 0.5
165 163 1.15651e-14
165 165 0.5
166 166 0.500208
166 168 -1.11109e-14
167 167 0.5
168 166 -1.11109e-14
168 168 0.5
169 169 0.500208
169 171 -9.55048e-15
170 170 0.5
171 169 -9.55048e-15
171 171 0.5
172 172 0.500208
172 174 9.7403e-15
173 173 0.5
174 172 9.7403e-15
174 174 0.5
175 175 0.500208
175 177 -2.08124e-15
176 176 0.5
177 175 -2.08124e-15
177 177 0.5
178 178 0.500208
178 180 -2.90341e-15
179 179 0.5
180 178 -2.90341e-15
180 180 0.5
181 181 0.500208
181 183 -1.08662e-14
182 182 0.5
183 181 -1.08662e-14
183 183 0.5
184 184 0.500208
184 186 2.44476e-14
185 185 0.5
186 184 2.44476e-14
186 186 0.5
187 187 0.500208
187 189 -1.99494e-14
188 188 0.5
189 187 -1.99494e-14
189 189 0.5
190 190 0.500208
190 192 1.17354e-14
191 191 0.5
192 190 1.17354e-14
192 192 0.5
193 193 0.500208
193 195 3.86368e-15
194 194 0.5
195 193 3.86368e-15
195 195 0.5
196 196 0.500208
196 198 -2.92482e-14
197 197 0.5
198 196 -2.92482e-14
198 198 0.5
199 199 0.500208
199 201 2.17821e-14
200 200 0.5
201 199 2.17821e-14
201 201 0.5
202 202 0.500208
202 204 -2.81487e-15
203 203 0.5
204 202 -2.81487e-15
204 204 0.5
205 205 0.500208
205 207 9.50979e-15
206 206 0.5
207 205 9.50979e-15
207 207 0.5
208 208 0.500208
208 210 -9.15207e-15
209 209 0.5
210 208 -9.15207e-15
210 210 0.5
211 211 0.500208
211 213 -1.72712e-15
212 212 0.5
213 211 -1.72712e-15
213 213 0.5
214 214 0.500208
214 216 -2.81673e-14
215 215 0.5
216 214 -2.81673e-14
216 216 0.5
217 217 0.500208
217 219 2.83202e-14
218 218 0.5
219 217 2.83202e-14
219 219 0.5
220 220 0.500208
220 222 2.76741e-14
221 221 0.5
222 220 2.76741e-14
222 222 0.5
223 223 0.500208
223 225 -3.13712e-14
224 224 0.5
225 223 -3.13712e-14
225 225 0.5
226 226 0.500208
226 228 -1.54362e-14
227 227 0.5
228 226 -1.54362e-14
228 228 0.5
229 229 0.500208
229 231 4.20959e-15
230 230 0.5
231 229 4.20959e-15
231 231 0.5
232 232 0.500208
232 234 3.97078e-14
233 233 0.5
234 232 3.97078e-14
234 234 0.5
235 235 0.500208
235 237 -1.54321e-14
236 236 0.5
237 235 -1.54321e-14
237 237 0.5
238 238 0.500208
238 240 -8.86666e-16
239 239 0.5
240 238 -8.86666e-16
240 240 0.5
241 241 0.500208
241 243 -1.811e-14
242 242 0.5
243 241 -1.811e-14
243 243 0.5
244 244 0.500208
244 246 1.64994e-14
245 245 0.5
246 244 1.64994e-14
246 246 0.5
247 247 0.500208
247 249 2.3723e-15
248 248 0.5
249 247 2.3723e-15
249 249 0.5
250 250 0.500208
250 252 -1.49801e-14
251 251 0.5
252 250 -1.49801e-14
252 252 0.5
253 253 0.500208
253 255 -9.39568e-15
254 254 0.5
255 253 -9.39568e-15
255 255 0.5
256 256 0.500208
256 258 -3.13945e-15
257 257 0.5
258 256 -3.13945e-15
258 258 0.5
259 259 0.500208
259 261 1.27112e-14
260 260 0.5
261 259 1.27112e-14
261 261 0.5
262 262 0.500208
262 264 2.55491e-14
263 263 0.5
264 262 2.55491e-14
264 264 0.5
265 265 0.500208
265 267 -1.93316e-14
266 266 0.5
267 265 -1.93316e-14
267 267 0.5
268 268 0.500208
268 270 -1.08381e-14
269 269 0.5
270 268 -1.08381e-14
270 270 0.5
271 271 0.500208
271 273 1.32288e-14
272 272 0.5
273 271 1.32288e-14
273 273 0.5
274 274 0.500208
274 276 4.32215e-15
275 275 0.5
276 274 4.32215e-15
276 276 0.5
277 277 0.500208
277 279 -1.15308e-14
278 278 0.5
279 277 -1.15308e-14
279 279 0.5
280 280 0.500208
280 282 -1.14025e-14
281 281 0.5
282 280 -1.14025e-14
282 282 0.5
283 283 0.500208
283 285 -7.58894e-15
284 284 0.5
285 283 -7.58894e-15
285 285 0.5
286 286 0.500208
286 288 1.33683e-14
287 287 0.5
288 286 1.33683e-14
288 288 0.5
289 289 0.500208
289 291 6.97433e-15
290 290 0.5
291 289 6.97433e-15
291 291 0.5
292 292 0.500208
292 294 -5.14735e-15
293 293 0.5
294 292 -5.14735e-15
294 294 0.5
295 295 0.500208
295 297 -4.29672e-15
296 296 0.5
297 295 -4.29672e-15
297 297 0.5
298 298 0.500208
298 300 2.27433e-14
299 299 0.5
300 298 2.27433e-14
300 300 0.5
301 301 0.500208
301 303 -1.13328e-14
302 302 0.5
303 301 -1.13328e-14
303 303 0.5
304 304 0.500208
304 306 1.31213e-14
305 305 0.5
306 304 1.31213e-14
306 306 0.5
307 307 0.500208
307 309 -3.49316e-14
308 308 0.5
309 307 -3.49316e-14
309 309 0.5
310 310 0.500208
310 312 2.6082e-14
311 311 0.5
312 310 2.6082e-14
312 312 0.5
313 313 0.500208
313 315 1.04994e-14
314 314 0.5
315 313 1.04994e-14
315 315 0.5
316 316 0.500208
316 318 -2.42188e-14
317 317 0.5
318 316 -2.42188e-14
318 318 0.5
319 319 0.500208
319 321 2.93973e-14
320 320 0.5
321 319 2.93973e-14
321 321 0.5
322 322 0.500208
322 324 -7.70779e-15
323 323 0.5
324 322 -7.70779e-15
324 324 0.5
325 325 0.500208
325 327 -1.36936e-14
326 326 0.5
327 325 -1.36936e-14
327 327 0.5
328 328 0.500208
328 330 2.97093e-14
329 329 0.5
330 328 2.97093e-14
330 330 0.5
331 331 0.500208
331 333 1.54268e-14
332 332 0.5
333 331 1.54268e-14
333 333 0.5
334 334 0.500208
334 336 -4.90529e-14
335 335 0.5
336 334 -4.90529e-14
336 336 0.5
337 337 0.500208
337 339 -2.88165e-14
338 338 0.5
339 337 -2.88165e-14
339 339 0.5
340 340 0.500208
340 342 4.27059e-14
341 341 0.5
342 340 4.27059e-14
342 342 0.5
343 343 0.500208
343 345 -1.35435e-16
344 344 0.5
345 343 -1.35435e-16
345 345 0.5
346 346 0.500208
346 348 4.61848e-15
347 347 0.5
348 346 4.61848e-15
348 348 0.5
349 349 0.500208
349 351 -1.96826e-15
350 350 0.5
351 349 -1.96826e-15
351 351 0.5
352 352 0.500208
352 354 -1.3967e-14
353 353 0.5
354 352 -1.3967e-14
354 354 0.5
355 355 0.500208
355 357 -6.0331e-15
356 356 0.5
357 355 -6.0331e-15
357 357 0.5
358 358 0.500208
358 360 2.39979e-14
359 359 0.5
360 358 2.39979e-14
360 360 0.5
361 361 0.500208
361 363 -5.28338e-16
362 362 0.5
363 361 -5.28338e-16
363 363 0.5
364 364 0.500208
364 366 -1.07891e-14
365 365 0.5
366 364 -1.07891e-14
366 366 0.5
367 367 0.500208
367 369 1.61905e-14
368 368 0.5
369 367 1.61905e-14
369 369 0.5
370 370 0.500208
370 372 -3.33467e-14
371 371 0.5
372 370 -3.33467e-14
372 372 0.5
373 373 0.500208
373 375 2.71068e-14
374 374 0.5
375 373 2.71068e-14
375 375 0.5
376 376 0.500208
376 378 -2.16338e-15
377 377 0.5
378 376 -2.16338e-15
378 378 0.5
379 379 0.500208
379 381 -3.68819e-14
380 380 0.5
381 379 -3.68819e-14
381 381 0.5
382 382 0.500208
382 384 1.82724e-14
383 383 0.5
384 382 1.82724e-14
384 384 0.5
385 385 0.500208
385 387 -6.95353e-15
386 386 0.5
387 385 -6.95353e-15
387 387 0.5
388 388 0.500208
388 390 6.38043e-15
389 389 0.5
390 388 6.38043e-15
390 390 0.5
391 391 0.500208
391 393 1.14809e-14
392 392 0.5
393 391 1.14809e-14
393 393 0.5
394 394 0.500208
394 396 1.9477e-15
395 395 0.5
396 394 1.9477e-15
396 396 0.5
397 397 0.500208
397 399 1.22512e-14
398 398 0.5
399 397 1.22512e-14
399 399 0.5
400 400 0.500208
400 402 -2.82616e-14
401 401 0.5
402 400 -2.82616e-14
402 402 0.5
403 403 0.500208
403 405 5.35503e-15
404 404 0.5
405 403 5.35503e-15
405 405 0.5
406 406 0.500208
406 408 7.31348e-15
407 407 0.5
408 406 7.31348e-15
408 408 0.5
409 409 0.500208
409 411 -2.19586e-14
410 410 0.5
411 409 -2.19586e-14
411 411 0.5
412 412 0.500208
412 414 3.65936e-14
413 413 0.5
414 412 3.65936e-14
414 414 0.5
415 415 0.500208
415 417 -6.69988e-15
416 416 0.5
417 415 -6.69988e-15
417 417 0.5
418 418 0.500208
418 420 -1.2705e-14
419 419 0.5
420 418 -1.2705e-14
420 420 0.5
421 421 0.500208
421 423 -5.36119e-15
422 422 0.5
423 421 -5.36119e-15
423 423 0.5
424 424 0.500208
424 426 2.2313e-14
425 425 0.5
426 424 2.2313e-14
426 426 0.5
427 427 0.500208
427 429 5.14505e-16
428 428 0.5
429 427 5.14505e-16
429 429 0.5
430 430 0.500208
430 432 -2.11935e-14
431 431 0.5
432 430 -2.11935e-14
432 432 0.5
433 433 0.500208
433 435 4.34932e-15
434 434 0.5
435 433 4.34932e-15
435 435 0.5
436 436 0.500208
436 438 1.86014e-14
437 437 0.5
438 436 1.86014e-14
438 438 0.5
439 439 0.500208
439 441 1.39044e-15
440 440 0.5
441 439 1.39044e-15
441 441 0.5
442 442 0.500208
442 444 -4.10589e-14
443 443 0.5
444 442 -4.10589e-14
444 444 0.5
445 445 0.500208
445 447 4.75516e-15
446 446 0.5
447 445 4.75516e-15
447 447 0.5
448 448 0.500208
448 450 5.38084e-15
449 449 0.5
450 448 5.38084e-15
450 450 0.5
451 451 0.500208
451 453 1.93536e-14
452 452 0.5
453 451 1.93536e-14
453 453 0.5
454 454 0.500208
454 456 2.18485e-14
455 455 0.5
456 454 2.18485e-14
456 456 0.5
457 457 0.500208
457 459 -1.44283e-14
458 458 0.5
459 457 -1.44283e-14
459 459 0.5
460 460 0.500208
460 462 -3.08689e-14
461 461 0.5
462 460 -3.08689e-14
462 462 0.5
463 463 0.500208
463 465 1.84196e-14
464 464 0.5
465 463 1.84196e-14
465 465 0.5
466 466 0.500208
466 468 1.68584e-14
467 467 0.5
468 466 1.68584e-14
468 468 0.5
469 469 0.500208
469 471 -1.70651e-14
470 470 0.5
471 469 -1.70651e-14
471 471 0.5
472 472 0.500208
472 474 -1.66449e-14
473 473 0.5
474 472 -1.66449e-14
474 474 0.5
475 475 0.500208
475 477 1.79598e-14
476 476 0.5
477 475 1.79598e-14
477 477 0.5
478 478 0.500208
478 480 -3.10771e-15
479 479 0.5
480 478 -3.10771e-15
480 480 0.5
481 481 0.500208
481 483 5.10092e-15
482 482 0.5
483 481 5.10092e-15
483 483 0.5
484 484 0.500208
484 486 -1.57275e-14
485 485 0.5
486 484 -1.57275e-14
486 486 0.5
487 487 0.500208
487 489 1.02322e-14
488 488 0.5
489 487 1.02322e-14
489 489 0.5
490 490 0.500208
490 492 1.12539e-14
491 491 0.5
492 490 1.12539e-14
492 492 0.5
493 493 0.500208
493 495 -8.68878e-15
494 494 0.5
495 493 -8.68878e-15
495 495 0.5
496 496 0.500208
496 498 -9.19572e-16
497 497 0.5
498 496 -9.19572e-16
498 498 0.5
499 499 0.500208
499 501 1.22626e-14
500 500 0.5
501 499 1.22626e-14
501 501 0.5
502 502 0.500208
502 504 -3.20305e-14
503 503 0.5
504 502 -3.20305e-14
504 504 0.5
505 505 0.500208
505 507 1.44036e-14
506 506 0.5
507 505 1.44036e-14
507 507 0.5
508 508 0.500208
508 510 3.19274e-14
509 509 0.5
510 508 3.19274e-14
510 510 0.5
511 511 0.500208
511 513 -2.52636e-14
512 512 0.5
513 511 -2.52636e-14
513 513 0.5
514 514 0.500208
514 516 -1.53536e-14
515 515 0.5
516 514 -1.53536e-14
516 516 0.5
517 517 0.500208
517 519 3.47376e-14
518 518 0.5
519 517 3.47376e-14
519 519 0.5
520 520 0.500208
520 522 -2.20868e-14
521 521 0.5
522 520 -2.20868e-14
522 522 0.5
523 523 0.500208
523 525 4.79305e-15
524 524 0.5
525 523 4.79305e-15
525 525 0.5
526 526 0.500208
526 528 8.27218e-15
527 527 0.5
528 526 8.27218e-15
528 528 0.5
529 529 0.500208
529 531 -2.5147e-14
530 530 0.5
531 529 -2.5147e-14
531 531 0.5
532 532 0.500208
532 534 2.86669e-14
533 533 0.5
534 532 2.86669e-14
534 534 0.5
535 535 0.500208
535 537 -1.72796e-15
536 536 0.5
537 535 -1.72796e-15
537 537 0.5
538 538 0.500208
538 540 -2.56298e-14
539 539 0.5
540 538 -2.56298e-14
540 540 0.5
541 541 0.500208
541 543 5.77597e-15
542 542 0.5
543 541 5.77597e-15
543 543 0.5
544 544 0.500208
544 546 6.78896e-15
545 545 0.5
546 544 6.78896e-15
546 546 0.5
547 547 0.500208
547 549 1.20689e-14
548 548 0.5
549 547 1.20689e-14
549 549 0.5
550 550 0.500208
550 552 -5.84424e-14
551 551 0.5
552 550 -5.84424e-14
552 552 0.5
553 553 0.500208
553 555 4.65995e-14
554 554 0.5
555 553 4.65995e-14
555 555 0.5
556 556 0.500208
556 558 -1.27159e-14
557 557 0.5
558 556 -1.27159e-14
558 558 0.5
559 559 0.500208
559 561 1.3551e-14
560 560 0.5
561 559 1.3551e-14
561 561 0.5
562 562 0.500208
562 564 2.22025e-14
563 563 0.5
564 562 2.22025e-14
564 564 0.5
565 565 0.500208
565 567 -3.29551e-14
566 566 0.5
567 565 -3.29551e-14
567 567 0.5
568 568 0.500208
568 570 -9.45567e-15
569 569 0.5
570 568 -9.45567e-15
570 570 0.5
571 571 0.500208
571 573 2.10784e-14
572 572 0.5
573 571 2.10784e-14
573 573 0.5
574 574 0.500208
574 576 2.03782e-14
575 575 0.5
576 574 2.03782e-14
576 576 0.5
577 577 0.500208
577 579 -2.04162e-14
578 578 0.5
579 577 -2.04162e-14
579 579 0.5
580 580 0.500208
580 582 -4.05999e-15
581 581 0.5
582 580 -4.05999e-15
582 582 0.5
583 583 0.500208
583 585 2.95615e-15
584 584 0.5
585 583 2.95615e-15
585 585 0.5
586 586 0.500208
586 588 3.34303e-15
587 587 0.5
588 586 3.34303e-15
588 588 0.5
589 589 0.500208
589 591 -5.02169e-15
590 590 0.5
591 589 -5.02169e-15
591 591 0.5
592 592 0.500208
592 594 -1.43785e-15
593 593 0.5
594 592 -1.43785e-15
594 594 0.5
595 595 0.500208
595 597 6.65764e-15
596 596 0.5
597 595 6.65764e-15
597 597 0.5
598 598 0.500208
598 600 -4.97956e-15
599 599 0.5
600 598 -4.97956e-15
600 600 0.5
601 601 0.500208
601 603 -1.46778e-14
602 602 0.5
603 601 -1.46778e-14
603 603 0.5
604 604 0.500208
604 606 3.24179e-15
605 605 0.5
606 604 3.24179e-15
606 606 0.5
607 607 0.500208
607 609 1.49382e-14
608 608 0.5
609 607 1.49382e-14
609 609 0.5
610 610 0.500208
610 612 1.51753e-14
611 611 0.5
612 610 1.51753e-14
612 612 0.5
613 613 0.500208
613 615 -3.02214e-14
614 614 0.5
615 613 -3.02214e-14
615 615 0.5
616 616 0.500208
616 618 -1.0644e-14
617 617 0.5
618 616 -1.0644e-14
618 618 0.5
619 619 0.500208
619 621 1.17732e-15
620 620 0.5
621 619 1.17732e-15
621 621 0.5
622 622 0.500208
622 624 5.90535e-15
623 623 0.5
624 622 5.90535e-15
624 624 0.5
625 625 0.500208
625 627 2.55304e-15
626 626 0.5
627 625 2.55304e-15
627 627 0.5
628 628 0.500208
628 630 2.08127e-14
629 629 0.5
630 628 2.08127e-14
630 630 0.5
631 631 0.500208
631 633 -1.68624e-14
632 632 0.5
633 631 -1.68624e-14
633 633 0.5
634 634 0.500208
634 636 1.4261e-14
635 635 0.5
636 634 1.4261e-14
636 636 0.5
637 637 0.500208
637 639 9.79164e-15
638 638 0.5
639 637 9.79164e-15
639 639 0.5
640 640 0.500208
640 642 -2.18256e-14
641 641 0.5
642 640 -2.18256e-14
642 642 0.5
643 643 0.500208
643 645 -3.51376e-15
644 644 0.5
645 643 -3.51376e-15
645 645 0.5
646 646 0.500208
646 648 1.06586e-14
647 647 0.5
648 646 1.06586e-14
648 648 0.5
649 649 0.500208
649 651 1.78459e-14
650 650 0.5
651 649 1.78459e-14
651 651 0.5
652 652 0.500208
652 654 -2.74179e-14
653 653 0.5
654 652 -2.74179e-14
654 654 0.5
655 655 0.500208
655 657 7.37561e-15
656 656 0.5
657 655 7.37561e-15
657 657 0.5
658 658 0.500208
658 660 1.40578e-14
659 659 0.5
660 658 1.40578e-14
660 660 0.5
661 661 0.500208
661 663 -2.29673e-14
662 662 0.5
663 661 -2.29673e-14
663 663 0.5
664 664 0.500208
664 666 -2.22835e-15
665 665 0.5
666 664 -2.22835e-15
666 666 0.5
667 667 0.500208
667 669 2.20636e-14
668 668 0.5
669 667 2.20636e-14
669 669 0.5
670 670 0.500208
670 672 1.70918e-16
671 671 0.5
672 670 1.70918e-16
672 672 0.5
673 673 0.500208
673 675 -1.99801e-14
674 674 0.5
675 673 -1.99801e-14
675 675 0.5
676 676 0.500208
676 678 1.20557e-14
677 677 0.5
678 676 1.20557e-14
678 678 0.5
679 679 0.500208
679 681 -2.10515e-15
680 680 0.5
681 679 -2.10515e-15
681 681 0.5
682 682 0.500208
682 684 1.8864e-14
683 683 0.5
684 682 1.8864e-14
684 684 0.5
685 685 0.500208
685 687 -2.76451e-14
686 686 0.5
687 685 -2.76451e-14
687 687 0.5
688 688 0.500208
688 690 -9.6501e-15
689 689 0.5
690 688 -9.6501e-15
690 690 0.5
691 691 0.500208
691 693 2.14626e-14
692 692 0.5
693 691 2.14626e-14
693 693 0.5
694 694 0.500208
694 696 -5.48076e-16
695 695 0.5
696 694 -5.48076e-16
696 696 0.5
697 697 0.500208
697 699 9.8282e-15
698 698 0.5
699 697 9.8282e-15
699 699 0.5
700 700 0.500208
700 702 -1.02273e-14
701 701 0.5
702 700 -1.02273e-14
702 702 0.5
703 703 0.500208
703 705 1.40456e-15
704 704 0.5
705 703 1.40456e-15
705 705 0.5
706 706 0.500208
706 708 4.00718e-15
707 707 0.5
708 706 4.00718e-15
708 708 0.5
709 709 0.500208
709 711 -1.2507e-14
710 710 0.5
711 709 -1.2507e-14
711 711 0.5
712 712 0.500208
712 714 4.05855e-14
713 713 0.5
714 712 4.05855e-14
714 714 0.5
715 715 0.500208
715 717 -3.9402e-14
716 716 0.5
717 715 -3.9402e-14
717 717 0.5
718 718 0.500208
718 720 4.15617e-14
719 719 0.5
720 718 4.15617e-14
720 720 0.5
721 721 0.500208
721 723 1.57744e-13
722 722 0.5
723 721 1.57744e-13
723 723 0.5
724 724 0.500208
724 726 1.96144e-12
725 725 0.5
726 724 1.96144e-12
726 726 0.5
727 727 0.500208
727 729 1.1366e-11
728 728 0.5
729 727 1.1366e-11
729 729 0.5
730 730 0.500208
730 732 1.02364e-10
731 731 0.5
732 730 1.02364e-10
732 732 0.5
733 733 0.500208
733 735 3.53922e-10
734 734 0.5
735 733 3.53922e-10
735 735 0.5
736 736 0.500208
736 738 1.13164e-09
737 737 0.5
738 736 1.13164e-09
738 738 0.5
739 739 0.500208
739 741 2.12173e-09
740 740 0.5
741 739 2.12173e-09
741 741 0.5
742 742 0.500208
742 744 4.39935e-09
743 743 0.5
744 742 4.39935e-09
744 744 0.5
745 745 0.500208
745 747 8.02138e-09
746 746 0.5
747 745 8.02138e-09
747 747 0.5
748 748 0.500208
748 750 2.13705e-08
749 749 0.5
750 748 2.13705e-08
750 750 0.5
751 751 0.500208
751 753 3.13612e-08
752 752 0.5
753 751 3.13612e-08
753 753 0.5
754 754 0.500208
754 756 9.17319e-08
755 755 0.500001
756 754 9.17319e-08
756 756 0.500001
757 757 0.500208
757 758 6.29791e-09
757 759 8.36891e-08
758 757 6.29791e-09
758 758 0.500001
758 759 2.54193e-12
759 757 8.36891e-08
759 758 2.54193e-12
759 759 0.500001
760 760 0.500208
760 761 1.10586e-06
760 762 3.31586e-07
761 760 1.10586e-06
761 761 0.500002
761 762 1.78058e-09
762 760 3.31586e-07
762 761 1.78058e-09
762 762 0.500002
763 763 0.500208
763 764 1.5635e-06
763 765 -2.43347e-07
764 763 1.5635e-06
764 764 0.500001
764 765 -1.83777e-09
765 763 -2.43347e-07
765 764 -1.83777e-09
765 765 0.500001
766 766 0.500176
766 767 7.29726e-05
766 768 -2.75059e-07
767 766 7.29726e-05
767 767 0.500044
767 768 -1.2249e-07
768 766 -2.75059e-07
768 767 -1.2249e-07
768 768 0.500012
769 769 0.500208
769 770 -1.32685e-06
769 771 3.41351e-06
770 769 -1.32685e-06
770 770 0.499997
770 771 -2.14463e-08
771 769 3.41351e-06
771 770 -2.14463e-08
771 771 0.499997
772 772 0.500208
772 773 -1.46309e-06
772 774 1.91728e-06
773 772 -1.46309e-06
773 773 0.500001
773 774 -1.355e-08
774 772 1.91728e-06
774 773 -1.355e-08
774 774 0.500001
775 775 0.500208
775 777 3.93438e-07
776 776 0.5
777 775 3.93438e-07
777 777 0.5
778 778 0.500208
778 780 1.44432e-07
779 779 0.5
780 778 1.44432e-07
780 780 0.5
781 781 0.500208
781 783 8.14346e-08
782 782 0.5
783 781 8.14346e-08
783 783 0.5
784 784 0.500208
784 786 4.10285e-08
785 785 0.5
786 784 4.10285e-08
786 786 0.5
787 787 0.500208
787 789 2.06049e-08
788 788 0.5
789 787 2.06049e-08
789 789 0.5
790 790 0.500208
790 792 1.08838e-08
791 791 0.5
792 790 1.08838e-08
792 792 0.5
793 793 0.500208
793 795 4.97795e-09
794 794 0.5
795 793 4.97795e-09
795 795 0.5
796 796 0.500208
796 798 2.38382e-09
797 797 0.5
798 796 2.38382e-09
798 798 0.5
799 799 0.500208
799 801 1.21685e-09
800 800 0.5
801 799 1.21685e-09
801 801 0.5
802 802 0.500208
802 804 4.71849e-10
803 803 0.5
804 802 4.71849e-10
804 804 0.5
805 805 0.500208
805 807 1.24176e-10
806 806 0.5
807 805 1.24176e-10
807 807 0.5
808 808 0.500208
809 809 0.5
810 810 0.5
811 811 0.500208
812 812 0.5
813 813 0.5
814 814 0.500208
815 815 0.5
816 816 0.5
817 817 0.500208
818 818 0.5
819 819 0.5
820 820 0.500208
821 821 0.5
822 822 0.5
823 823 0.500208
824 824 0.5
825 825 0.5
826 826 0.500208
827 827 0.5
828 828 0.5
829 829 0.500208
830 830 0.5
831 831 0.5
832 832 0.500208
833 833 0.5
834 834 0.5
835 835 0.500208
836 836 0.5
837 837 0.5
838 838 0.500208
839 839 0.5
840 840 0.5
841 841 0.500208
842 842 0.5
843 843 0.5
844 844 0.500208
845 845 0.5
846 846 0.5
847 847 0.500208
848 848 0.5
849 849 0.5
850 850 0.500208
851 851 0.5
852 852 0.5
853 853 0.500208
854 854 0.5
855 855 0.5
856 856 0.500208
857 857 0.5
858 858 0.5
859 859 0.500208
860 860 0.5
861 861 0.5
862 862 0.500208
863 863 0.5
864 864 0.5
865 865 0.500208
866 866 0.5
867 867 0.5
868 868 0.500208
869 869 0.5
870 870 0.5
871 871 0.500208
872 872 0.5
873 873 0.5
874 874 0.500208
875 875 0.5
876 876 0.5
877 877 0.500208
878 878 0.5
879 879 0.5
880 880 0.500208
881 881 0.5
882 882 0.5
883 883 0.500208
884 884 0.5
885 885 0.5
886 886 0.500208
887 887 0.5
888 888 0.5
889 889 0.500208
890 890 0.5
891 891 0.5
892 892 0.500208
893 893 0.5
894 894 0.5
895 895 0.500208
896 896 0.5
897 897 0.5
898 898 0.500208
899 899 0.5
900 900 0.5
901 901 0.500208
902 902 0.5
903 903 0.5
904 904 0.500208
905 905 0.5
906 906 0.5
907 907 0.500208
908 908 0.5
909 909 0.5
910 910 0.500208
911 911 0.5
912 912 0.5
913 913 0.500208
914 914 0.5
915 915 0.5
916 916 0.500208
917 917 0.5
918 918 0.5
919 919 0.500208
920 920 0.5
921 921 0.5
922 922 0.500208
923 923 0.5
924 924 0.5
925 925 0.500208
926 926 0.5
927 927 0.5
928 928 0.500208
929 929 0.5
930 930 0.5
931 931 0.500208
932 932 0.5
933 933 0.5
934 934 0.500208
935 935 0.5
936 936 0.5
937 937 0.500208
938 938 0.5
939 939 0.5
940 940 0.500208
941 941 0.5
942 942 0.5
943 943 0.500208
944 944 0.5
945 945 0.5
946 946 0.500208
947 947 0.5
948 948 0.5
949 949 0.500208
950 950 0.5
951 951 0.5
952 952 0.500208
953 953 0.5
954 954 0.5
955 955 0.500208
956 956 0.5
957 957 0.5
958 958 0.500208
959 959 0.5
960 960 0.5
961 961 0.500208
962 962 0.5
963 963 0.5
964 964 0.500208
965 965 0.5
966 966 0.5
967 967 0.500208
968 968 0.5
969 969 0.5
970 970 0.500208
971 971 0.5
972 972 0.5
973 973 0.500208
974 974 0.5
975 975 0.5
976 976 0.500208
977 977 0.5
978 978 0.5
979 979 0.500208
980 980 0.5
981 981 0.5
982 982 0.500208
983 983 0.5
984 984 0.5
985 985 0.500208
986 986 0.5
987 987 0.5
988 988 0.500208
989 989 0.5
990 990 0.5
991 991 0.500208
992 992 0.5
993 993 0.5
994 994 0.500208
995 995 0.5
996 996 0.5
997 997 0.500208
998 998 0.5
999 999 0.5
1000 1000 0.500208
1001 1001 0.5
1002 1002 0.5
1003 1003 0.500208
1004 1004 0.5
1005 1005 0.5
1006 1006 0.500208
1007 1007 0.5
1008 1008 0.5
1009 1009 0.500208
1010 1010 0.5
1011 1011 0.5
1012 1012 0.500208
1013 1013 0.5
1014 1014 0.5
1015 1015 0.500208
1016 1016 0.5
1017 1017 0.5
1018 1018 0.500208
1019 1019 0.5
1020 1020 0.5
1021 1021 0.500208
1022 1022 0.5
1023 1023 0.5
1024 1024 0.500208
1025 1025 0.5
1026 1026 0.5
1027 1027 0.500208
1028 1028 0.5
1029 1029 0.5
1030 1030 0.500208
1031 1031 0.5
1032 1032 0.5
1033 1033 0.500208
1034 1034 0.5
1035 1035 0.5
1036 1036 0.500208
1037 1037 0.5
1038 1038 0.5
1039 1039 0.500208
1040 1040 0.5
1041 1041 0.5
1042 1042 0.500208
1043 1043 0.5
1044 1044 0.5
1045 1045 0.500208
1046 1046 0.5
1047 1047 0.5
1048 1048 0.500208
1049 1049 0.5
1050 1050 0.5
1051 1051 0.500208
1052 1052 0.5
1053 1053 0.5
1054 1054 0.500208
1055 1055 0.5
1056 1056 0.5
1057 1057 0.500208
1058 1058 0.5
1059 1059 0.5
1060 1060 0.500208
1061 1061 0.5
1062 1062 0.5
1063 1063 0.500208
1064 1064 0.5
1065 1065 0.5
1066 1066 0.500208
1067 1067 0.5
1068 1068 0.5
1069 1069 0.500208
1070 1070 0.5
1071 1071 0.5
1072 1072 0.500208
1073 1073 0.5
1074 1074 0.5
1075 1075 0.500208
1076 1076 0.5
1077 1077 0.5
1078 1078 0.500208
1079 1079 0.5
1080 1080 0.5
1081 1081 0.500208
1082 1082 0.5
1083 1083 0.5
1084 1084 0.500208
1085 1085 0.5
1086 1086 0.5
1087 1087 0.500208
1088 1088 0.5
1089 1089 0.5
1090 1090 0.500208
1091 1091 0.5
1092 1092 0.5
1093 1093 0.500208
1094 1094 0.5
1095 1095 0.5
1096 1096 0.500208
1097 1097 0.5
1098 1098 0.5
1099 1099 0.500208
1100 1100 0.5
1101 1101 0.5
1102 1102 0.500208
1103 1103 0.5
1104 1104 0.5
1105 1105 0.500208
1106 1106 0.5
1107 1107 0.5
1108 1108 0.500208
1109 1109 0.5
1110 1110 0.5
1111 1111 0.500208
1112 1112 0.5
1113 1113 0.5
1114 1114 0.500208
1115 1115 0.5
1116 1116 0.5
1117 1117 0.500208
1118 1118 0.5
1119 1119 0.5
1120 1120 0.500208
1121 1121 0.5
1122 1122 0.5
1123 1123 0.500208
1124 1124 0.5
1125 1125 0.5
1126 1126 0.500208
1127 1127 0.5
1128 1128 0.5
1129 1129 0.500208
1130 1130 0.5
1131 1131 0.5
1132 1132 0.500208
1133 1133 0.5
1134 1134 0.5
1135 1135 0.500208
1136 1136 0.5
1137 1137 0.5
1138 1138 0.500208
1139 1139 0.5
1140 1140 0.5
1141 1141 0.500208
1142 1142 0.5
1143 1143 0.5
1144 1144 0.500208
1145 1145 0.5
1146 1146 0.5
1147 1147 0.500208
1148 1148 0.5
1149 1149 0.5
1150 1150 0.500208
1151 1151 0.5
1152 1152 0.5
1153 1153 0.500208
1154 1154 0.5
1155 1155 0.5
1156 1156 0.500208
1157 1157 0.5
1158 1158 0.5
1159 1159 0.500208
1160 1160 0.5
1161 1161 0.5
1162 1162 0.500208
1163 1163 0.5
1164 1164 0.5
1165 1165 0.500208
1166 1166 0.5
1167 1167 0.5
1168 1168 0.500208
1169 1169 0.5
1170 1170 0.5
1171 1171 0.500208
1172 1172 0.5
1173 1173 0.5
1174 1174 0.500208
1175 1175 0.5
1176 1176 0.5
1177 1177 0.500208
1178 1178 0.5
1179 1179 0.5
1180 1180 0.500208
1181 1181 0.5
1182 1182 0.5
1183 1183 0.500208
1184 1184 0.5
1185 1185 0.5
1186 1186 0.500208
1187 1187 0.5
1188 1188 0.5
1189 1189 0.500208
1190 1190 0.5
1191 1191 0.5
1192 1192 0.500208
1193 1193 0.5
1194 1194 0.5
1195 1195 0.500208
1196 1196 0.5
1197 1197 0.5
1198 1198 0.500208
1199 1199 0.5
1200 1200 0.5
1201 1201 0.500208
1202 1202 0.5
1203 1203 0.5
1204 1204 0.500208
1205 1205 0.5
1206 1206 0.5
1207 1207 0.500208
1208 1208 0.5
1209 1209 0.5
1210 1210 0.500208
1211 1211 0.5
1212 1212 0.5
1213 1213 0.500208
1214 1214 0.5
1215 1215 0.5
1216 1216 0.500208
1217 1217 0.5
1218 1218 0.5
1219 1219 0.500208
1220 1220 0.5
1221 1221 0.5
1222 1222 0.500208
1223 1223 0.5
1224 1224 0.5
1225 1225 0.500208
1226 1226 0.5
1227 1227 0.5
1228 1228 0.500208
1229 1229 0.5
1230 1230 0.5
1231 1231 0.500208
1232 1232 0.5
1233 1233 0.5
1234 1234 0.500208
1235 1235 0.5
1236 1236 0.5
1237 1237 0.500208
1238 1238 0.5
1239 1239 0.5
1240 1240 0.500208
1241 1241 0.5
1242 1242 0.5
1243 1243 0.500208
1244 1244 0.5
1245 1245 0.5
1246 1246 0.500208
1247 1247 0.5
1248 1248 0.5
1249 1249 0.500208
1250 1250 0.5
1251 1251 0.5
1252 1252 0.500208
1253 1253 0.5
1254 1254 0.5
1255 1255 0.500208
1256 1256 0.5
1257 1257 0.5
1258 1258 0.500208
1259 1259 0.5
1260 1260 0.5
1261 1261 0.500208
1262 1262 0.5
1263 1263 0.5
1264 1264 0.500208
1265 1265 0.5
1266 1266 0.5
1267 1267 0.500208
1268 1268 0.5
1269 1269 0.5
1270 1270 0.500208
1271 1271 0.5
1272 1272 0.5
1273 1273 0.500208
1274 1274 0.5
1275 1275 0.5
1276 1276 0.500208
1277 1277 0.5
1278 1278 0.5
1279 1279 0.500208
1280 1280 0.5
1281 1281 0.5
1282 1282 0.500208
1283 1283 0.5
1284 1284 0.5
1285 1285 0.500208
1286 1286 0.5
1287 1287 0.5
1288 1288 0.500208
1289 1289 0.5
1290 1290 0.5
1291 1291 0.500208
1292 1292 0.5
1293 1293 0.5
1294 1294 0.500208
1295 1295 0.5
1296 1296 0.5
1297 1297 0.500208
1298 1298 0.5
1299 1299 0.5
1300 1300 0.500208
1301 1301 0.5
1302 1302 0.5
1303 1303 0.500208
1304 1304 0.5
1305 1305 0.5
1306 1306 0.500208
1307 1307 0.5
1308 1308 0.5
1309 1309 0.500208
1310 1310 0.5
1311 1311 0.5
1312 1312 0.500208
1313 1313 0.5
1314 1314 0.5
1315 1315 0.500208
1316 1316 0.5
1317 1317 0.5
1318 1318 0.500208
1319 1319 0.5
1320 1320 0.5
1321 1321 0.500208
1322 1322 0.5
1323 1323 0.5
1324 1324 0.500208
1325 1325 0.5
1326 1326 0.5
1327 1327 0.500208
1328 1328 0.5
1329 1329 0.5
1330 1330 0.500208
1331 1331 0.5
1332 1332 0.5
1333 1333 0.500208
1334 1334 0.5
1335 1335 0.5
1336 1336 0.500208
1337 1337 0.5
1338 1338 0.5
1339 1339 0.500208
1340 1340 0.5
1341 1341 0.5
1342 1342 0.500208
1343 1343 0.5
1344 1344 0.5
1345 1345 0.500208
1346 1346 0.5
1347 1347 0.5
1348 1348 0.500208
1349 1349 0.5
1350 1350 0.5
1351 1351 0.500208
1352 1352 0.5
1353 1353 0.5
1354 1354 0.500208
1355 1355 0.5
1356 1356 0.5
1357 1357 0.500208
1358 1358 0.5
1359 1359 0.5
1360 1360 0.500208
1361 1361 0.5
1362 1362 0.5
1363 1363 0.500208
1364 1364 0.5
1365 1365 0.5
1366 1366 0.500208
1367 1367 0.5
1368 1368 0.5
1369 1369 0.500208
1370 1370 0.5
1371 1371 0.5
1372 1372 0.500208
1373 1373 0.5
1374 1374 0.5
1375 1375 0.500208
1376 1376 0.5
1377 1377 0.5
1378 1378 0.500208
1379 1379 0.5
1380 1380 0.5
1381 1381 0.500208
1382 1382 0.5
1383 1383 0.5
1384 1384 0.500208
1385 1385 0.5
1386 1386 0.5
1387 1387 0.500208
1388 1388 0.5
1389 1389 0.5
1390 1390 0.500208
1391 1391 0.5
1392 1392 0.5
1393 1393 0.500208
1394 1394 0.5
1395 1395 0.5
1396 1396 0.500208
1397 1397 0.5
1398 1398 0.5
1399 1399 0.500208
1400 1400 0.5
1401 1401 0.5
1402 1402 0.500208
1403 1403 0.5
1404 1404 0.5
1405 1405 0.500208
1406 1406 0.5
1407 1407 0.5
1408 1408 0.500208
1409 1409 0.5
1410 1410 0.5
1411 1411 0.500208
1412 1412 0.5
1413 1413 0.5
1414 1414 0.500208
1415 1415 0.5
1416 1416 0.5
1417 1417 0.500208
1418 1418 0.5
1419 1419 0.5
1420 1420 0.500208
1421 1421 0.5
1422 1422 0.5
1423 1423 0.500208
1424 1424 0.5
1425 1425 0.5
1426 1426 0.500208
1427 1427 0.5
1428 1428 0.5
1429 1429 0.500208
1430 1430 0.5
1431 1431 0.5
1432 1432 0.500208
1433 1433 0.5
1434 1434 0.5
1435 1435 0.500208
1436 1436 0.5
1437 1437 0.5
1438 1438 0.500208
1439 1439 0.5
1440 1440 0.5
1441 1441 0.500208
1442 1442 0.5
1443 1443 0.5
1444 1444 0.500208
1445 1445 0.5
1446 1446 0.5
1447 1447 0.500208
1448 1448 0.5
1449 1449 0.5
1450 1450 0.500208
1451 1451 0.5
1452 1452 0.5
1453 1453 0.500208
1454 1454 0.5
1455 1455 0.5
1456 1456 0.500208
1457 1457 0.5
1458 1458 0.5
1459 1459 0.500208
1460 1460 0.5
1461 1461 0.5
1462 1462 0.500208
1463 1463 0.5
1464 1464 0.5
1465 1465 0.500208
1466 1466 0.5
1467 1467 0.5
1468 1468 0.500208
1469 1469 0.5
1470 1470 0.5
1471 1471 0.500208
1472 1472 0.5
1473 1473 0.5
1474 1474 0.500208
1475 1475 0.5
1476 1476 0.5
1477 1477 0.500208
1478 1478 0.5
1479 1479 0.5
1480 1480 0.500208
1481 1481 0.5
1482 1482 0.5
1483 1483 0.500208
1484 1484 0.5
1485 1485 0.5
1486 1486 0.500208
1487 1487 0.5
1488 1488 0.5
1489 1489 0.500208
1490 1490 0.5
1491 1491 0.5
1492 1492 0.500208
1493 1493 0.5
1494 1494 0.5
1495 1495 0.500208
1495 1497 -2.48353e-11
1496 1496 0.5
1497 1495 -2.48353e-11
1497 1497 0.5
1498 1498 0.500208
1498 1500 -1.86265e-10
1499 1499 0.5
1500 1498 -1.86265e-10
1500 1500 0.5
1501 1501 0.500208
1501 1503 -6.45678e-10
1502 1502 0.5
1503 1501 -6.45678e-10
1503 1503 0.5
1504 1504 0.500208
1504 1506 -1.5769e-09
1505 1505 0.5
1506 1504 -1.5769e-09
1506 1506 0.5
1507 1507 0.500208
1507 1509 -3.4763e-09
1508 1508 0.5
1509 1507 -3.4763e-09
1509 1509 0.5
1510 1510 0.500208
1510 1512 -6.67814e-09
1511 1511 0.5
1512 1510 -6.67814e-09
1512 1512 0.5
1513 1513 0.500208
1513 1515 -1.51757e-08
1514 1514 0.5
1515 1513 -1.51757e-08
1515 1515 0.5
1516 1516 0.500208
1516 1518 -2.79706e-08
1517 1517 0.5
1518 1516 -2.79706e-08
1518 1518 0.5
1519 1519 0.500208
1519 1521 -6.09025e-08
1520 1520 0.5
1521 1519 -6.09025e-08
1521 1521 0.5
1522 1522 0.500208
1522 1524 -8.96074e-08
1523 1523 0.5
1524 1522 -8.96074e-08
1524 1524 0.5
1525 1525 0.500208
1525 1527 -2.28743e-07
1526 1526 0.500001
1527 1525 -2.28743e-07
1527 1527 0.500001
1528 1528 0.500208
1528 1530 -2.92567e-07
1529 1529 0.5
1530 1528 -2.92567e-07
1530 1530 0.5
1531 1531 0.500208
1531 1532 1.46271e-06
1531 1533 -1.84234e-06
1532 1531 1.46271e-06
1532 1532 0.500001
1532 1533 -1.30186e-08
1533 1531 -1.84234e-06
1533 1532 -1.30186e-08
1533 1533 0.500001
1534 1534 0.500208
1534 1535 1.3327e-06
1534 1536 -3.4398e-06
1535 1534 1.3327e-06
1535 1535 0.499997
1535 1536 -2.17124e-08
1536 1534 -3.4398e-06
1536 1535 -2.17124e-08
1536 1536 0.499997
1537 1537 0.500208
1537 1538 -6.80591e-07
1537 1539 2.50459e-06
1538 1537 -6.80591e-07
1538 1538 0.499999
1538 1539 -8.14287e-09
1539 1537 2.50459e-06
1539 1538 -8.14287e-09
1539 1539 0.499999
1540 1540 0.500208
1540 1542 6.7852e-07
1541 1541 0.5
1542 1540 6.7852e-07
1542 1542 0.5
1543 1543 0.500208
1543 1545 4.48294e-07
1544 1544 0.5
1545 1543 4.48294e-07
1545 1545 0.5
1546 1546 0.500208
1546 1548 1.01083e-07
1547 1547 0.5
1548 1546 1.01083e-07
1548 1548 0.5
1549 1549 0.500208
1549 1551 6.86829e-08
1550 1550 0.5
1551 1549 6.86829e-08
1551 1551 0.5
1552 1552 0.500208
1552 1554 3.19892e-08
1553 1553 0.5
1554 1552 3.19892e-08
1554 1554 0.5
1555 1555 0.500208
1555 1557 1.85677e-08
1556 1556 0.5
1557 1555 1.85677e-08
1557 1557 0.5
1558 1558 0.500208
1558 1560 9.5093e-09
1559 1559 0.5
1560 1558 9.5093e-09
1560 1560 0.5
1561 1561 0.500208
1561 1563 4.61851e-09
1562 1562 0.5
1563 1561 4.61851e-09
1563 1563 0.5
1564 1564 0.500208
1564 1566 2.43367e-09
1565 1565 0.5
1566 1564 2.43367e-09
1566 1566 0.5
1567 1567 0.500208
1567 1569 1.16719e-09
1568 1568 0.5
1569 1567 1.16719e-09
1569 1569 0.5
1570 1570 0.500208
1570 1572 3.72529e-10
1571 1571 0.5
1572 1570 3.72529e-10
1572 1572 0.5
1573 1573 0.500208
1573 1575 7.45058e-11
1574 1574 0.5
1575 1573 7.45058e-11
1575 1575 0.5
1576 1576 0.500208
1577 1577 0.5
1578 1578 0.5
1579 1579 0.500208
1580 1580 0.5
1581 1581 0.5
1582 1582 0.500208
1583 1583 0.5
1584 1584 0.5
1585 1585 0.500208
1586 1586 0.5
1587 1587 0.5
1588 1588 0.500208
1589 1589 0.5
1590 1590 0.5
1591 1591 0.500208
1592 1592 0.5
1593 1593 0.5
1594 1594 0.500208
1595 1595 0.5
1596 1596 0.5
1597 1597 0.500208
1598 1598 0.5
1599 1599 0.5
1600 1600 0.500208
1601 1601 0.5
1602 1602 0.5
1603 1603 0.500208
1604 1604 0.5
1605 1605 0.5
1606 1606 0.500208
1607 1607 0.5
1608 1608 0.5
1609 1609 0.500208
1610 1610 0.5
1611 1611 0.5
1612 1612 0.500208
1613 1613 0.5
1614 1614 0.5
1615 1615 0.500208
1616 1616 0.5
1617 1617 0.5
1618 1618 0.500208
1619 1619 0.5
1620 1620 0.5
1621 1621 0.500208
1622 1622 0.5
1623 1623 0.5
1624 1624 0.500208
1625 1625 0.5
1626 1626 0.5
1627 1627 0.500208
1628 1628 0.5
1629 1629 0.5
1630 1630 0.500208
1631 1631 0.5
1632 1632 0.5
1633 1633 0.500208
1634 1634 0.5
1635 1635 0.5
1636 1636 0.500208
1637 1637 0.5
1638 1638 0.5
1639 1639 0.500208
1640 1640 0.5
1641 1641 0.5
1642 1642 0.500208
1643 1643 0.5
1644 1644 0.5
1645 1645 0.500208
1646 1646 0.5
1647 1647 0.5
1648 1648 0.500208
1649 1649 0.5
1650 1650 0.5
1651 1651 0.500208
1652 1652 0.5
1653 1653 0.5
1654 1654 0.500208
1655 1655 0.5
1656 1656 0.5
1657 1657 0.500208
1658 1658 0.5
1659 1659 0.5
1660 1660 0.500208
1661 1661 0.5
1662 1662 0.5
1663 1663 0.500208
1664 1664 0.5
1665 1665 0.5
1666 1666 0.500208
1667 1667 0.5
1668 1668 0.5
1669 1669 0.500208
1670 1670 0.5
1671 1671 0.5
1672 1672 0.500208
1673 1673 0.5
1674 1674 0.5
1675 1675 0.500208
1676 1676 0.5
1677 1677 0.5
1678 1678 0.500208
1679 1679 0.5
1680 1680 0.5
1681 1681 0.500208
1682 1682 0.5
1683 1683 0.5
1684 1684 0.500208
1685 1685 0.5
1686 1686 0.5
1687 1687 0.500208
1688 1688 0.5
1689 1689 0.5
1690 1690 0.500208
1691 1691 0.5
1692 1692 0.5
1693 1693 0.500208
1694 1694 0.5
1695 1695 0.5
1696 1696 0.500208
1697 1697 0.5
1698 1698 0.5
1699 1699 0.500208
1700 1700 0.5
1701 1701 0.5
1702 1702 0.500208
1703 1703 0.5
1704 1704 0.5
1705 1705 0.500208
1706 1706 0.5
1707 1707 0.5
1708 1708 0.500208
1709 1709 0.5
1710 1710 0.5
1711 1711 0.500208
1712 1712 0.5
1713 1713 0.5
1714 1714 0.500208
1715 1715 0.5
1716 1716 0.5
1717 1717 0.500208
1718 1718 0.5
1719 1719 0.5
1720 1720 0.500208
1721 1721 0.5
1722 1722 0.5
1723 1723 0.500208
1724 1724 0.5
1725 1725 0.5
1726 1726 0.500208
1727 1727 0.5
1728 1728 0.5
1729 1729 0.500208
1730 1730 0.5
1731 1731 0.5
1732 1732 0.500208
1733 1733 0.5
1734 1734 0.5
1735 1735 0.500208
1736 1736 0.5
1737 1737 0.5
1738 1738 0.500208
1739 1739 0.5
1740 1740 0.5
1741 1741 0.500208
1742 1742 0.5
1743 1743 0.5
1744 1744 0.500208
1745 1745 0.5
1746 1746 0.5
1747 1747 0.500208
1748 1748 0.5
1749 1749 0.5
1750 1750 0.500208
1751 1751 0.5
1752 1752 0.5
1753 1753 0.500208
1754 1754 0.5
1755 1755 0.5
1756 1756 0.500208
1757 1757 0.5
1758 1758 0.5
1759 1759 0.500208
1760 1760 0.5
1761 1761 0.5
1762 1762 0.500208
1763 1763 0.5
1764 1764 0.5
1765 1765 0.500208
1766 1766 0.5
1767 1767 0.5
1768 1768 0.500208
1769 1769 0.5
1770 1770 0.5
1771 1771 0.500208
1772 1772 0.5
1773 1773 0.5
1774 1774 0.500208
1775 1775 0.5
1776 1776 0.5
1777 1777 0.500208
1778 1778 0.5
1779 1779 0.5
1780 1780 0.500208
1781 1781 0.5
1782 1782 0.5
1783 1783 0.500208
1784 1784 0.5
1785 1785 0.5
1786 1786 0.500208
1787 1787 0.5
1788 1788 0.5
1789 1789 0.500208
1790 1790 0.5
1791 1791 0.5
1792 1792 0.500208
1793 1793 0.5
1794 1794 0.5
1795 1795 0.500208
1796 1796 0.5
1797 1797 0.5
1798 1798 0.500208
1799 1799 0.5
1800 1800 0.5
1801 1801 0.500208
1802 1802 0.5
1803 1803 0.5
1804 1804 0.500208
1805 1805 0.5
1806 1806 0.5
1807 1807 0.500208
1808 1808 0.5
1809 1809 0.5
1810 1810 0.500208
1811 1811 0.5
1812 1812 0.5
1813 1813 0.500208
1814 1814 0.5
1815 1815 0.5
1816 1816 0.500208
1817 1817 0.5
1818 1818 0.5
1819 1819 0.500208
1820 1820 0.5
1821 1821 0.5
1822 1822 0.500208
1823 1823 0.5
1824 1824 0.5
1825 1825 0.500208
1826 1826 0.5
1827 1827 0.5
1828 1828 0.500208
1829 1829 0.5
1830 1830 0.5
1831 1831 0.500208
1832 1832 0.5
1833 1833 0.5
1834 1834 0.500208
1835 1835 0.5
1836 1836 0.5
1837 1837 0.500208
1838 1838 0.5
1839 1839 0.5
1840 1840 0.500208
1841 1841 0.5
1842 1842 0.5
1843 1843 0.500208
1844 1844 0.5
1845 1845 0.5
1846 1846 0.500208
1847 1847 0.5
1848 1848 0.5
1849 1849 0.500208
1850 1850 0.5
1851 1851 0.5
